467, 1896, 7, goto
468, 1901, 7, goto
463, 1908, 6, goto
473, 1920, 6, goto
475, 1917, 6, goto
492, 1904, 5, goto
475, 1917, 5, goto
505, 1907, 6, goto
502, 1913, 6, goto
499, 1918, 7, goto
521, 1935, 7, goto
528, 1937, 7, goto
506, 1961, 7, goto
481, 1984, 7, goto
495, 1960, 7, goto
480, 1949, 7, goto
478, 1971, 6, goto
480, 1949, 6, goto
481, 1932, 7, goto
487, 1930, 7, goto
500, 1932, 6, goto
497, 1941, 6, goto
487, 1930, 6, goto
466, 1938, 7, goto
458, 1932, 7, goto
449, 1933, 6, goto
495, 1945, 5, goto
497, 1941, 5, goto
487, 1930, 6, goto
458, 1932, 7, goto
450, 1948, 6, goto
449, 1933, 6, goto
445, 1939, 5, goto
449, 1933, 5, goto
458, 1932, 6, goto
